Multiple size <= 100
TEST 1 ARG:59 19 99 6 42 2 95 25 86 1 27 91 58 92 83 57 7 98 90 5 89 54 74 34 37 62 68 63 70 30 85 28 15 64 55 75 10 20 18 96 82 29 8 13 43 17 26 39 35 16 44 73 81 60 45 32 4 72 3 49 80 94 51 33 11 24 66 56 36 14 50 97 78 40 79 48 0 12 61 84 31 76 65 21 52 77 93 41 69 38 9 47 67 22 23 88 87 46 71 53
TEST 2 ARG:49 15 37 32 50 28 71 23 24 89 30 9 99 76 83 25 57 62 56 47 95 48 73 27 70 2 43 42 77 44 1 66 85 29 14 5 79 31 16 97 68 11 63 80 82 8 90 10 94 52 6 46 21 88 87 17 60 86 41 65 67 59 18 53 40 75 45 84 91 12 3 98 35 78 4 96 74 54 64 72 36 61 51 26 69 13 22 93 0 20 7 58 33 38 34 39 19 81 55 92
TEST 3 ARG:1 43 89 0 77 27 44 99 2 3 64 42 73 81 76 87 8 12 11 46 56 88 80 59 14 66 58 5 85 37 10 60 28 51 18 38 68 45 70 35 74 91 24 62 52 98 16 32 63 96 29 21 67 31 9 25 54 53 19 72 15 40 39 65 93 4 17 30 50 57 92 61 26 49 69 13 94 7 97 20 48 78 34 33 86 55 23 6 79 84 36 83 71 47 82 90 41 95 22 75
TEST 4 ARG:12 91 8 65 3 24 41 22 76 6 84 26 13 15 43 58 11 53 18 69 96 97 70 85 49 38 20 64 27 99 29 80 95 32 60 36 4 67 88 82 17 46 25 52 50 44 63 10 35 19 78 31 51 94 93 56 72 21 2 54 42 57 68 30 34 39 45 59 16 5 33 7 48 66 77 74 62 1 0 73 98 81 83 86 55 71 9 28 40 89 47 79 92 37 87 90 14 23 75 61
TEST 5 ARG:72 22 6 19 33 16 2 27 4 11 43 56 82 66 88 40 67 39 75 25 96 20 48 60 41 18 87 10 81 9 23 84 29 51 12 14 30 37 45 46 79 65 61 52 5 55 76 38 50 91 7 69 63 77 54 93 44 85 31 71 49 83 89 86 0 3 36 21 17 24 59 34 35 70 15 47 90 64 13 42 95 68 62 73 32 78 58 98 80 97 92 8 99 26 74 53 57 94 1 28
TEST 6 ARG:35 29 57 80 86 50 78 25 22 9 69 2 5 49 96 91 87 3 28 66 85 44 47 59 74 20 7 54 81 8 48 84 60 76 65 0 68 92 56 27 71 30 52 61 73 26 58 97 34 21 1 18 19 99 40 93 51 31 42 89 32 70 12 41 95 45 15 82 77 88 98 4 62 94 43 39 24 64 63 14 10 16 36 90 67 33 83 53 46 55 23 13 75 6 17 37 72 11 38 79
TEST 7 ARG:13 71 85 90 35 57 10 75 67 65 89 8 87 34 80 24 76 93 42 61 0 12 14 97 79 38 81 36 96 92 23 72 33 74 59 41 83 78 48 88 37 7 66 91 64 17 55 29 3 11 26 31 6 63 39 21 68 46 9 52 49 43 2 5 45 47 18 19 94 50 62 77 30 4 16 84 20 53 56 27 40 15 98 82 70 58 99 69 32 73 51 44 95 25 1 28 86 54 60 22
TEST 8 ARG:1 98 80 51 65 27 32 97 71 73 43 70 22 69 77 44 42 31 5 58 61 46 88 21 8 90 20 86 94 59 48 93 24 40 37 99 6 23 38 17 16 66 85 9 15 19 76 72 35 3 95 12 13 57 92 91 64 29 39 25 18 4 0 60 26 62 56 28 67 50 10 53 83 68 52 79 54 30 75 47 36 11 63 87 82 7 74 45 34 84 33 96 81 89 49 14 41 78 55 2
TEST 9 ARG:87 53 51 30 36 84 18 32 97 43 4 76 37 35 26 31 9 13 69 75 93 10 45 65 6 38 27 77 3 20 52 99 49 29 17 96 46 47 64 95 44 70 63 59 34 14 56 62 25 2 89 1 74 68 33 79 60 98 90 12 5 72 21 40 54 78 22 92 41 42 67 24 55 73 48 58 16 8 80 19 83 88 91 0 57 86 15 66 11 71 82 39 23 7 61 81 85 28 94 50
TEST 10 ARG:6 27 52 81 74 73 68 92 75 60 1 78 76 2 70 45 99 38 57 41 23 89 87 59 72 32 47 19 98 3 39 4 42 24 25 51 95 36 50 16 11 82 64 85 90 62 9 44 48 84 35 88 12 96 13 91 31 30 46 77 97 29 5 34 21 14 83 18 69 33 7 43 80 93 56 28 55 10 54 94 63 65 20 26 40 37 86 0 49 79 8 61 15 58 67 22 17 66 71 53
TEST 11 ARG:46 54 66 23 79 85 45 0 88 15 40 67 30 13 69 71 84 64 24 51 21 73 1 34 17 89 63 98 10 47 77 78 99 43 6 35 38 11 3 90 94 22 92 50 53 36 5 44 31 18 20 37 95 8 26 59 2 19 12 81 97 61 33 87 29 65 70 28 48 60 25 4 75 52 14 96 76 72 41 58 86 68 57 83 7 56 80 9 93 49 32 62 42 27 16 82 91 74 39 55
TEST 12 ARG:52 31 97 67 81 61 6 24 8 78 62 53 22 3 92 80 74 95 70 63 36 93 94 15 26 86 11 34 46 75 23 49 37 66 87 41 58 59 99 27 7 47 9 56 96 65 82 35 77 43 90 44 29 88 13 21 0 16 68 45 60 64 10 30 83 19 54 84 42 85 89 17 57 5 4 25 71 28 55 18 91 39 40 32 2 79 73 20 14 38 51 12 1 76 72 69 48 50 33 98
TEST 13 ARG:1 12 50 58 15 10 52 59 35 88 22 8 51 84 48 75 16 2 26 91 62 47 34 76 18 87 70 66 82 19 7 93 63 6 54 11 30 49 97 83 24 94 42 13 40 23 65 39 5 56 79 80 74 78 57 72 14 45 32 64 37 77 36 25 90 89 96 3 44 67 81 9 86 21 98 43 4 95 38 53 85 33 28 41 17 46 99 20 55 61 27 31 68 69 29 0 73 92 60 71
TEST 14 ARG:26 0 21 63 34 35 82 27 16 56 37 25 72 44 95 40 83 54 51 99 94 74 11 18 49 66 2 20 42 8 24 31 46 50 12 15 62 89 45 97 76 77 22 93 58 71 9 48 47 79 36 69 57 78 38 75 70 17 39 6 43 86 3 96 64 59 81 84 88 60 92 23 87 91 68 73 29 19 65 1 67 55 28 85 4 7 33 90 41 10 61 14 80 52 32 5 98 30 13 53
TEST 15 ARG:48 31 22 37 25 6 67 88 86 55 49 80 19 47 14 2 61 82 64 53 24 10 9 33 38 0 85 57 13 92 51 69 72 91 90 26 94 68 29 74 40 98 62 4 21 20 96 99 58 43 66 17 42 59 16 75 70 36 8 79 76 87 46 93 18 5 84 27 73 12 77 32 30 71 34 81 28 63 15 39 35 65 50 44 78 7 56 1 89 45 23 41 83 95 97 11 60 52 54 3
TEST 16 ARG:67 17 46 18 97 78 94 58 49 24 76 32 37 50 31 44 43 40 30 99 74 92 26 6 95 90 91 60 1 42 0 83 55 15 84 93 65 11 70 19 7 22 87 82 48 63 33 36 72 8 62 25 73 23 61 54 38 81 79 85 53 69 51 13 89 80 66 96 14 68 35 59 10 75 64 21 3 45 47 9 29 34 5 16 86 12 88 27 39 56 28 4 52 20 98 71 77 2 57 41
TEST 17 ARG:8 89 78 90 88 82 65 48 25 9 12 26 20 60 77 83 68 70 30 47 61 66 5 56 97 23 41 85 99 1 24 86 72 57 49 45 21 43 4 84 39 50 19 7 46 62 63 0 31 87 6 40 52 3 27 75 13 98 22 14 10 51 53 35 92 94 44 79 54 96 71 58 34 95 93 28 73 38 29 80 42 81 17 33 2 76 11 32 91 15 16 37 55 64 18 69 67 59 74 36
TEST 18 ARG:62 39 35 61 57 46 11 70 25 77 36 83 95 43 52 17 72 30 79 93 0 23 51 33 9 64 24 91 32 14 78 8 71 58 55 42 44 4 41 34 63 90 94 40 68 65 5 29 89 92 96 37 1 82 13 59 12 49 73 99 85 48 87 27 81 3 76 21 6 22 67 50 2 26 28 86 69 31 18 45 97 20 74 10 56 80 16 38 75 98 19 88 7 84 15 47 66 53 54 60
TEST 19 ARG:99 79 20 65 9 12 36 71 19 66 4 69 84 80 17 21 26 18 60 98 23 93 33 29 16 51 28 89 38 57 46 13 6 87 24 40 63 25 35 95 42 8 94 55 1 7 45 15 68 14 72 91 31 96 62 73 48 64 61 76 88 41 97 86 58 54 75 22 81 32 59 74 77 47 82 44 43 53 39 50 34 30 27 92 67 2 83 5 78 49 70 37 90 85 10 52 11 3 0 56
TEST 20 ARG:31 11 39 93 17 95 76 61 67 68 78 6 53 32 99 12 34 88 79 22 63 66 18 83 92 56 90 5 62 15 41 26 55 97 80 51 49 35 44 47 85 3 36 0 28 86 37 21 33 71 91 45 84 58 96 87 23 20 14 8 27 16 50 25 30 59 1 57 2 40 13 81 60 74 69 89 77 4 43 98 94 75 24 82 7 38 52 10 72 54 64 9 19 65 29 73 70 42 48 46
TEST 21 ARG:88 11 21 99 91 39 45 36 94 86 89 64 19 52 43 5 76 33 92 47 75 37 22 42 16 72 32 66 44 95 55 97 60 87 4 17 93 73 25 12 83 58 62 49 9 30 40 98 68 38 23 6 27 48 84 31 8 63 34 24 41 1 54 28 0 3 69 71 50 7 10 13 77 53 90 81 61 14 20 51 80 35 96 59 79 29 70 78 82 67 56 57 18 26 46 74 65 15 2 85
TEST 22 ARG:87 27 63 11 58 49 44 9 32 1 35 21 88 62 30 48 66 29 84 6 46 7 52 65 71 38 12 26 28 70 24 78 64 41 92 39 5 10 20 69 67 74 45 13 72 4 34 14 37 79 36 80 18 96 68 98 56 59 57 0 76 54 73 85 25 99 50 19 3 42 90 43 15 60 17 91 16 61 22 89 94 31 2 81 82 23 97 93 33 8 40 75 47 77 55 53 95 86 51 83
TEST 23 ARG:43 7 41 65 85 52 17 99 48 45 75 72 62 53 2 95 61 5 63 88 91 26 12 13 67 69 71 8 89 11 32 59 70 47 64 6 44 50 30 9 33 40 21 97 58 90 31 3 10 19 46 82 20 42 81 16 56 29 74 4 23 93 49 37 22 1 57 51 15 73 18 80 76 34 83 28 68 35 78 87 77 0 66 79 98 60 14 54 38 36 55 24 25 94 84 92 39 27 96 86
TEST 24 ARG:97 95 70 94 11 32 55 42 27 77 82 64 37 66 54 98 34 99 26 72 68 67 63 21 79 28 43 16 45 53 69 46 51 88 35 33 57 74 86 4 49 5 10 56 60 13 50 29 22 90 38 31 83 81 65 47 8 78 59 19 92 85 96 18 23 30 9 76 61 1 75 17 2 87 93 73 3 58 0 80 14 40 44 25 89 6 91 12 39 48 62 52 15 7 36 84 24 71 20 41
TEST 25 ARG:11 17 67 44 12 91 13 49 26 39 52 4 19 8 94 36 48 69 77 65 96 90 7 40 14 99 5 21 89 6 43 37 30 80 9 0 56 86 54 64 10 76 34 57 53 60 84 79 95 74 98 38 71 46 51 23 81 75 55 25 16 82 63 22 33 58 2 59 45 93 72 50 29 28 15 47 62 78 70 35 1 18 97 92 66 68 3 32 73 87 85 27 24 31 61 41 20 88 42 83
TEST 26 ARG:64 32 13 59 30 6 26 15 98 94 57 36 24 35 49 80 14 84 51 96 73 25 86 10 89 91 78 54 65 16 45 62 29 79 40 23 87 43 41 90 68 92 99 19 2 37 71 4 72 60 48 44 83 53 34 75 7 28 20 77 3 42 66 52 55 82 88 69 12 46 8 97 93 22 0 76 50 61 27 33 17 11 31 63 70 95 21 39 85 56 67 47 74 58 38 81 5 1 18 9
TEST 27 ARG:39 98 78 95 7 47 80 46 8 75 10 2 6 74 64 41 17 1 44 21 32 86 63 28 25 60 48 68 84 70 38 52 72 97 50 96 42 40 3 29 81 43 31 53 19 85 92 57 89 13 66 12 24 58 99 55 23 14 4 22 82 54 93 18 26 9 62 73 79 87 83 65 91 45 34 69 15 37 67 33 20 16 61 0 71 56 51 30 35 11 90 88 94 36 27 5 49 76 59 77
TEST 28 ARG:76 38 35 89 15 83 47 53 58 19 34 40 44 99 25 69 75 60 97 10 33 49 67 31 64 94 43 52 24 16 6 66 77 50 41 14 73 4 71 37 0 42 72 81 13 18 56 22 82 79 45 8 7 26 74 90 17 96 28 29 61 2 65 39 32 30 51 86 88 27 57 21 36 91 63 20 3 85 46 80 23 62 70 55 5 92 48 93 12 59 87 1 84 54 9 78 68 98 11 95
TEST 29 ARG:49 14 45 15 48 67 93 2 72 50 20 83 66 70 63 51 96 28 25 47 41 88 64 79 61 35 30 17 84 74 46 73 10 97 99 91 3 13 5 56 54 6 57 9 43 16 87 78 65 38 32 90 12 89 36 0 11 92 8 80 58 44 4 75 76 34 69 39 85 82 71 7 37 21 31 42 77 26 23 1 94 18 62 22 59 81 33 24 68 19 60 40 53 55 95 52 98 86 27 29
TEST 30 ARG:17 8 91 5 28 18 46 19 87 37 0 3 82 4 71 49 59 42 55 61 65 79 77 86 69 53 73 67 15 85 96 81 14 66 25 80 13 44 78 84 58 7 57 34 41 98 32 36 50 70 89 72 30 16 64 27 56 68 22 11 39 20 48 99 76 9 45 12 2 31 60 95 47 40 52 97 10 1 94 24 6 93 90 54 33 23 92 62 35 51 29 21 43 83 26 38 63 75 74 88
TEST 31 ARG:71 95 86 98 0 35 5 58 91 18 40 22 74 83 48 47 89 3 28 87 55 12 24 69 39 94 67 80 51 62 23 63 17 54 65 76 32 93 96 66 14 82 60 72 68 2 34 45 64 75 20 36 56 97 81 10 25 31 44 26 41 92 7 59 33 11 6 78 85 42 57 15 9 79 52 50 43 46 90 61 38 70 1 30 27 21 16 88 53 8 29 84 19 13 99 37 73 4 49 77
TEST 32 ARG:25 91 30 62 95 51 53 43 7 87 15 56 83 76 74 26 86 57 48 85 39 3 88 94 34 84 72 75 69 10 22 13 93 54 99 64 61 68 33 73 40 80 23 12 92 38 81 5 32 59 41 50 63 49 37 29 35 71 67 70 24 45 28 14 20 79 31 46 96 18 27 19 36 58 98 42 44 89 0 78 4 82 17 6 11 66 77 65 21 9 60 47 1 90 97 52 8 16 2 55
TEST 33 ARG:49 37 10 29 85 71 25 46 53 22 11 34 91 8 2 47 30 21 58 4 16 3 33 27 41 62 84 39 65 72 14 13 74 80 31 83 68 5 23 79 17 99 81 87 93 63 67 55 61 20 82 0 89 78 26 7 75 77 66 94 43 28 60 57 54 35 24 88 45 69 38 96 1 56 76 15 86 12 50 97 36 92 52 98 44 32 6 42 64 9 59 90 70 95 48 19 40 18 51 73
TEST 34 ARG:76 1 88 71 19 53 57 41 2 99 59 9 34 47 91 13 65 31 98 33 61 86 67 58 44 21 54 42 11 96 77 75 52 50 0 43 70 22 95 8 7 29 26 62 38 17 84 16 83 73 55 78 46 81 36 23 27 85 45 94 37 5 14 10 3 28 90 18 80 49 20 32 89 6 82 51 30 79 35 48 56 93 60 63 87 74 68 4 15 66 40 24 12 25 69 92 97 72 64 39
TEST 35 ARG:49 57 56 53 93 30 75 9 76 38 42 96 70 2 20 21 89 99 88 58 29 61 34 0 41 26 84 97 12 59 33 18 47 90 48 78 54 19 71 40 31 23 6 25 79 3 67 68 95 92 5 13 16 77 35 4 46 44 60 15 11 80 81 94 39 87 85 69 22 82 7 37 65 14 27 64 36 1 51 28 24 73 72 74 10 83 43 66 86 91 98 32 55 45 62 63 50 8 52 17
TEST 36 ARG:66 16 37 21 2 34 90 14 54 62 12 32 31 52 97 20 19 59 56 30 86 28 4 89 36 5 75 69 98 92 24 57 22 51 25 50 82 60 44 46 61 1 45 79 3 39 64 8 73 29 9 18 13 87 74 70 99 26 93 0 55 41 67 94 11 80 84 65 23 81 72 38 15 68 83 78 63 27 91 43 7 96 40 35 33 47 17 95 48 88 49 53 58 76 42 6 71 85 10 77
TEST 37 ARG:95 47 53 72 24 67 32 82 7 36 94 77 38 15 49 45 78 61 3 66 54 48 29 17 84 70 62 18 74 27 60 5 0 92 37 52 39 41 59 13 43 10 69 6 14 88 73 86 9 56 80 16 21 85 31 99 71 89 20 76 34 81 26 25 44 58 87 11 2 98 75 30 4 8 42 79 50 91 93 97 33 68 63 23 57 96 40 12 28 83 1 90 46 19 55 35 65 51 64 22
TEST 38 ARG:27 1 9 51 60 89 32 48 85 24 44 38 54 75 21 72 91 49 71 40 76 7 14 98 39 19 90 99 43 84 55 31 35 20 97 69 96 52 56 70 93 95 78 61 58 12 34 65 22 82 57 11 41 6 53 0 8 94 3 37 25 88 50 15 47 81 42 59 18 45 10 30 28 68 17 2 87 5 4 77 73 13 80 23 74 83 36 67 86 64 66 16 33 79 29 62 26 92 46 63
TEST 39 ARG:30 82 73 1 45 85 8 15 11 76 14 7 16 50 17 58 70 57 5 21 25 48 19 55 33 56 53 13 20 90 41 81 97 23 51 18 24 66 94 74 29 67 98 6 80 63 84 43 89 79 78 68 87 3 52 35 62 77 60 9 28 72 49 37 42 83 2 31 44 39 69 65 54 47 91 0 40 10 86 75 96 32 26 61 88 99 22 38 59 27 12 64 93 36 34 92 46 95 71 4
TEST 40 ARG:55 68 92 35 33 12 34 41 61 76 86 31 42 52 94 79 11 91 74 80 50 39 54 16 19 93 51 78 56 53 73 66 98 88 5 69 20 10 15 96 62 48 60 4 75 28 63 24 44 30 21 45 64 65 13 29 99 26 82 71 3 89 84 47 38 81 37 25 9 22 23 40 36 7 18 59 77 83 57 0 70 14 97 49 95 32 72 85 27 43 90 1 87 17 6 8 58 46 2 67
TEST 41 ARG:6 91 19 69 71 37 89 83 92 90 79 44 61 29 43 22 64 51 58 7 85 15 45 33 2 55 35 5 54 27 80 16 9 32 70 41 93 18 74 65 20 28 12 48 8 88 49 95 11 34 66 76 62 24 96 21 87 25 13 17 75 63 10 86 68 36 38 0 98 47 52 30 94 82 23 3 81 60 77 59 99 97 31 84 73 4 56 57 40 53 14 72 67 42 78 46 1 39 26 50
TEST 42 ARG:72 37 51 66 53 69 55 90 71 16 83 47 38 96 39 35 9 76 11 59 17 81 43 41 15 13 30 12 0 20 74 80 86 6 79 73 99 10 92 3 78 2 31 97 33 44 87 1 22 91 18 19 34 88 85 23 42 27 29 95 84 5 98 14 54 45 26 94 68 56 8 70 24 40 63 36 77 50 82 25 21 57 46 75 32 62 67 60 4 93 58 64 28 48 65 89 52 7 49 61
TEST 43 ARG:31 63 85 30 97 19 28 7 42 78 15 11 61 67 72 2 47 60 73 92 3 66 58 13 33 12 81 37 53 48 16 38 23 4 55 80 90 17 20 40 65 34 0 91 84 8 64 77 9 94 25 57 89 5 82 74 21 75 22 32 70 39 44 76 18 50 46 43 54 52 87 56 27 62 51 93 83 95 35 36 96 79 99 24 29 49 71 69 41 68 45 10 14 98 86 59 26 1 6 88
TEST 44 ARG:18 6 35 61 70 89 33 94 79 83 91 43 55 28 78 19 50 63 56 52 17 99 48 23 81 53 85 46 22 10 40 34 29 16 25 73 13 12 57 95 90 44 4 1 98 9 84 86 26 54 37 45 49 8 5 88 7 2 68 65 60 64 47 3 36 74 62 32 20 38 75 72 82 69 58 27 76 80 39 66 97 14 24 11 41 51 31 30 77 42 96 71 87 59 92 0 21 67 15 93
TEST 45 ARG:10 39 75 86 6 8 82 44 23 97 87 56 69 94 5 89 96 54 76 50 30 49 84 42 70 20 61 51 28 7 45 15 48 78 41 88 64 79 53 93 72 47 92 85 27 60 11 71 67 81 58 25 59 46 80 21 29 83 37 66 73 17 14 38 55 1 43 63 40 16 13 19 22 26 62 2 32 18 98 99 52 24 33 68 74 65 57 35 9 36 31 90 0 77 4 95 12 3 91 34
TEST 46 ARG:74 79 40 72 6 34 83 21 39 98 8 66 93 86 16 42 23 95 58 63 87 75 10 37 24 61 13 92 96 44 88 1 73 47 97 38 5 18 26 57 22 19 4 28 89 14 67 0 52 49 70 2 32 20 9 30 41 76 60 64 82 3 59 43 85 65 99 25 51 48 29 84 62 46 36 54 35 45 27 7 15 31 56 33 91 77 68 50 78 53 80 12 71 69 17 81 11 55 90 94
TEST 47 ARG:90 30 48 36 58 89 21 82 16 76 66 10 40 94 31 53 22 88 91 97 70 38 13 14 18 54 77 19 93 28 26 78 52 4 79 62 5 35 95 32 46 6 96 92 56 1 43 37 34 73 99 74 23 71 45 12 42 11 39 49 7 98 25 60 81 0 59 57 2 86 55 83 68 80 87 47 15 24 27 61 9 84 63 17 67 75 33 65 41 44 3 64 50 8 69 72 85 51 29 20
TEST 48 ARG:60 46 76 13 11 90 42 93 5 83 55 92 98 15 33 8 41 25 81 36 17 77 29 73 19 97 50 35 95 38 40 63 3 80 89 59 87 26 34 86 30 99 65 7 39 68 48 66 10 22 82 16 57 54 71 28 20 49 2 67 51 37 43 96 0 47 27 70 52 85 74 84 53 12 44 78 72 9 79 61 64 91 18 94 23 21 4 31 1 56 62 45 88 14 58 6 69 75 32 24
TEST 49 ARG:86 11 88 6 65 77 91 99 33 42 70 23 38 31 98 82 13 25 37 84 48 4 78 81 1 66 5 80 28 36 87 27 10 49 35 97 64 67 51 26 73 89 50 44 79 95 0 14 18 39 15 41 74 34 54 57 61 3 85 90 83 45 7 8 12 69 20 53 2 46 43 92 71 22 21 47 60 19 75 17 40 94 96 63 76 93 62 24 68 29 59 58 30 16 72 56 52 9 55 32
TEST 50 ARG:4 91 65 68 80 56 34 53 85 25 6 29 27 44 17 8 67 70 14 2 92 9 50 15 45 62 90 97 19 5 7 42 47 31 10 18 84 21 73 26 74 54 81 83 33 88 46 94 66 35 82 32 69 12 48 1 86 0 79 99 16 60 89 64 41 71 52 22 49 55 36 43 78 13 95 59 30 3 51 58 76 38 11 72 61 24 23 57 98 75 87 96 28 40 39 63 20 37 93 77
TEST 51 ARG:31 44 94 92 43 1 75 17 93 11 72 96 99 21 88 76 28 98 16 53 60 4 97 42 33 38 51 2 67 69 81 18 58 50 56 84 19 13 55 36 27 91 63 87 3 85 30 62 66 82 12 6 37 95 80 68 86 45 74 0 61 70 24 34 9 26 8 65 22 7 32 35 90 48 14 47 5 46 20 71 78 49 89 25 15 59 54 77 10 29 40 57 73 83 79 52 41 23 39 64
TEST 52 ARG:80 41 27 64 17 69 62 66 36 3 28 46 31 93 83 52 47 43 60 56 76 79 75 84 2 42 73 50 9 22 21 90 11 67 94 78 20 37 77 58 68 98 59 0 26 57 70 10 14 49 6 96 71 30 23 12 4 99 45 86 65 89 13 81 61 16 97 88 95 87 51 24 82 5 72 32 54 8 55 34 53 40 33 25 74 63 48 29 18 15 92 85 44 91 39 19 38 35 7 1
TEST 53 ARG:42 88 25 61 66 24 53 16 50 59 2 64 52 85 47 38 80 94 14 99 62 1 20 77 22 78 51 21 9 3 60 56 28 30 19 79 39 36 89 68 82 6 69 83 41 76 84 55 11 10 75 23 27 7 15 67 48 57 70 26 81 72 98 0 86 95 91 44 93 12 34 13 40 71 32 65 87 74 29 54 37 35 58 8 18 17 31 63 4 92 33 46 73 96 5 49 90 45 97 43
TEST 54 ARG:45 6 68 50 22 51 52 99 9 1 89 40 77 5 13 3 35 33 49 65 71 63 43 16 24 92 30 86 95 81 88 14 48 38 64 85 10 75 98 83 27 42 80 60 61 17 97 84 31 73 87 76 19 72 78 46 79 94 67 55 96 47 37 70 36 11 57 29 62 53 32 44 90 21 34 82 18 8 59 28 15 20 23 26 2 4 41 56 12 74 66 39 54 25 93 91 69 58 0 7
TEST 55 ARG:91 62 9 93 16 30 5 37 94 0 21 64 89 68 53 45 97 61 55 18 31 84 34 95 26 6 71 38 80 88 57 98 85 29 48 1 25 75 56 49 40 19 54 67 3 74 22 72 23 81 13 76 41 52 50 79 78 42 32 73 44 10 77 33 70 39 4 2 60 63 24 28 86 20 14 92 7 12 65 96 27 35 17 51 8 69 83 90 66 43 15 36 47 58 99 82 11 59 46 87
TEST 56 ARG:91 73 22 60 53 90 31 74 36 24 77 59 25 19 17 62 81 98 15 52 65 37 29 96 61 58 6 69 79 54 3 30 43 4 38 41 48 85 27 23 1 10 45 86 18 47 78 57 35 93 66 94 64 28 2 11 33 82 32 14 26 7 87 89 88 63 67 12 75 84 9 8 56 5 92 20 71 99 46 13 76 39 68 80 40 95 0 72 49 70 16 42 51 55 34 50 21 44 97 83
TEST 57 ARG:72 73 90 27 57 68 89 66 86 2 53 95 63 50 77 81 99 22 35 46 32 59 5 52 23 0 9 39 13 58 33 75 37 6 8 54 16 92 30 42 76 38 80 83 4 64 48 47 40 79 12 87 3 11 97 71 61 45 49 74 96 7 88 55 10 34 17 85 29 60 70 20 44 62 41 43 84 69 14 67 98 82 31 94 25 21 36 78 28 56 1 19 18 93 26 15 65 91 51 24
TEST 58 ARG:69 37 14 46 33 97 43 4 20 79 11 3 23 30 38 89 0 94 10 27 34 71 99 56 6 45 42 64 47 85 73 87 35 55 48 65 24 88 9 52 19 90 32 66 96 81 21 61 16 80 72 17 2 5 7 54 29 31 41 98 36 22 68 91 12 95 40 63 78 26 76 53 93 62 1 58 44 8 92 74 75 59 51 67 57 86 18 49 50 28 83 25 15 77 60 39 13 70 82 84
TEST 59 ARG:31 61 94 75 63 80 13 15 12 41 65 92 74 70 87 9 88 58 83 78 20 0 18 93 14 43 33 99 51 46 81 19 54 38 30 76 73 6 79 27 95 22 62 5 84 8 40 82 1 53 91 26 96 71 45 97 85 44 32 90 86 42 56 47 2 21 69 24 60 67 50 66 11 98 23 55 39 4 25 17 37 49 57 7 16 77 28 48 29 36 3 64 72 10 59 35 68 52 89 34
TEST 60 ARG:76 64 39 70 56 71 43 74 28 68 94 59 35 34 44 33 12 89 92 36 45 55 37 40 19 15 85 81 75 10 16 24 26 80 84 93 14 97 47 66 27 51 54 11 72 65 60 91 87 69 32 22 73 0 4 58 2 67 38 23 9 5 99 53 82 13 1 63 25 21 7 62 57 3 78 31 29 61 30 8 52 46 79 95 88 20 6 17 48 41 90 98 18 96 83 77 42 50 86 49
TEST 61 ARG:55 35 4 37 10 98 3 20 67 23 48 84 27 12 14 44 9 19 61 96 11 95 17 93 53 38 70 77 49 58 32 62 59 68 75 90 0 24 34 47 46 40 8 72 57 1 39 33 26 97 76 6 13 63 74 18 54 29 99 64 28 80 5 16 78 73 94 79 50 36 92 86 15 83 66 91 25 2 45 51 87 43 60 81 89 41 65 71 7 85 52 21 30 69 42 56 31 88 22 82
TEST 62 ARG:68 11 44 12 99 73 85 0 19 86 81 72 5 53 39 48 43 16 52 65 71 36 61 10 67 59 46 77 20 35 70 57 78 88 37 95 33 14 91 74 3 27 17 94 13 42 41 45 83 40 38 4 25 89 28 93 80 87 62 82 31 51 56 60 90 34 6 63 47 50 8 66 84 92 49 26 15 22 9 96 97 30 64 24 21 54 29 79 69 23 7 76 18 58 32 98 75 55 1 2
TEST 63 ARG:97 35 61 7 42 56 53 13 18 60 37 62 29 68 91 67 88 26 87 84 21 71 47 40 98 14 54 82 16 19 24 93 11 99 86 77 0 6 49 69 12 36 28 38 74 10 65 25 20 92 9 89 48 43 30 27 58 39 22 64 66 1 52 59 4 44 3 83 17 78 57 46 33 2 23 72 55 73 31 70 94 8 81 45 96 76 34 63 85 32 51 80 95 75 90 41 50 15 5 79
TEST 64 ARG:92 34 46 95 47 20 18 75 69 40 28 23 11 33 39 99 76 68 17 60 2 5 1 77 64 21 30 48 4 22 45 7 67 61 51 66 38 55 72 54 91 25 10 41 84 42 27 89 71 13 96 94 32 24 88 8 86 80 90 73 19 62 0 31 59 14 9 98 50 93 63 81 35 49 26 44 83 70 6 74 12 29 58 52 3 57 82 56 85 36 53 43 87 78 16 37 79 15 65 97
TEST 65 ARG:8 70 65 1 40 34 88 73 32 74 57 22 75 64 56 31 2 11 30 60 35 72 21 87 36 15 38 33 84 43 68 13 28 5 69 53 55 80 50 10 95 44 85 96 19 7 0 58 71 93 89 45 49 27 24 83 97 59 76 47 46 23 54 62 39 90 29 86 37 12 48 82 3 51 78 17 4 16 63 14 61 94 26 99 81 18 25 67 77 20 92 6 91 98 42 79 66 41 52 9
TEST 66 ARG:86 42 58 55 53 66 57 11 62 29 23 87 8 75 65 24 64 60 70 83 79 72 41 99 89 90 92 12 67 50 33 15 16 34 51 96 52 5 0 82 35 9 26 69 38 32 4 28 47 97 85 71 76 61 56 63 95 3 84 27 19 39 14 18 21 17 7 37 20 45 43 36 30 77 46 13 40 73 10 93 44 2 25 91 80 68 6 22 88 59 74 54 31 1 49 98 94 81 78 48
TEST 67 ARG:33 0 16 14 55 65 92 38 99 79 72 97 17 52 54 2 68 74 31 85 84 18 88 7 59 71 83 57 61 36 98 63 4 51 10 35 86 94 66 67 22 64 49 37 76 82 70 39 23 21 42 19 87 27 15 47 20 48 53 25 62 91 46 30 28 40 6 77 34 32 3 43 78 96 13 41 29 90 9 44 60 93 73 56 8 26 58 89 80 11 24 81 5 45 12 50 95 69 1 75
TEST 68 ARG:11 99 66 36 42 40 64 50 57 23 82 15 27 96 12 76 17 56 94 59 81 33 95 62 83 45 14 77 1 22 3 63 25 0 8 44 92 18 35 10 53 26 29 7 51 30 32 5 68 78 70 21 61 86 24 74 55 2 71 6 88 13 52 54 49 89 39 69 31 47 60 91 67 73 84 65 19 38 98 58 9 97 46 80 79 93 37 85 72 20 4 43 28 48 41 75 34 87 16 90
TEST 69 ARG:40 30 81 99 22 71 18 69 11 45 35 73 51 62 46 29 38 16 49 66 82 39 53 4 92 43 26 5 36 52 21 56 59 76 64 89 95 44 48 54 60 78 57 88 10 90 70 37 63 67 28 7 98 6 19 2 14 42 34 85 24 17 74 55 93 97 13 47 0 41 15 77 1 72 27 32 33 80 79 96 31 12 58 3 9 86 25 75 83 94 87 8 84 23 20 61 65 91 50 68
TEST 70 ARG:80 68 43 40 74 19 47 53 29 66 21 1 8 24 86 9 50 54 31 37 2 89 7 44 30 91 25 11 92 87 14 4 83 15 67 6 33 94 49 12 5 52 81 36 42 59 84 88 90 34 60 39 18 79 10 41 95 78 13 20 97 35 56 65 28 93 69 75 96 57 0 3 99 82 55 72 27 17 38 70 32 98 73 22 48 64 45 23 58 62 61 77 63 46 76 26 51 85 71 16
TEST 71 ARG:54 61 84 33 77 68 59 80 16 5 18 30 21 65 64 13 60 56 23 83 75 9 46 15 24 55 34 26 66 88 47 97 95 69 91 41 93 11 96 44 20 48 53 36 82 63 42 3 73 14 32 51 37 94 71 98 29 4 78 43 10 0 62 19 76 7 25 31 85 99 49 40 12 67 86 89 2 1 87 58 72 38 74 57 28 81 70 8 35 22 52 50 79 6 17 39 90 92 45 27
TEST 72 ARG:7 50 74 51 33 30 11 12 58 83 29 36 25 87 39 98 78 71 64 19 43 21 77 75 90 14 81 57 24 95 89 28 65 35 60 61 40 96 18 17 20 13 94 69 93 88 79 45 67 53 0 41 4 1 37 16 59 2 66 56 73 54 52 86 9 38 27 10 85 34 8 91 70 76 49 82 63 5 22 47 6 80 55 32 15 44 84 48 62 46 97 23 31 3 92 26 68 72 99 42
TEST 73 ARG:41 35 67 22 69 79 70 8 83 56 46 58 6 0 23 19 61 52 95 29 62 82 78 47 64 92 48 13 24 5 57 53 50 16 98 59 14 72 54 49 26 18 80 74 2 12 81 36 42 39 21 89 31 73 40 68 97 37 11 30 63 38 25 55 28 1 76 87 77 4 7 43 20 66 90 33 15 45 71 94 44 3 96 86 10 65 51 34 88 75 85 91 99 93 32 17 60 27 9 84
TEST 74 ARG:79 41 75 37 85 88 38 68 11 69 91 26 57 72 9 0 94 55 52 82 36 62 35 98 10 97 24 32 15 66 53 51 5 99 60 70 3 28 20 61 49 86 42 65 1 93 87 95 23 29 12 77 39 19 33 80 76 31 59 30 56 34 50 54 46 7 17 74 92 2 71 22 4 58 8 89 21 16 63 67 83 90 84 45 81 13 64 48 73 27 47 25 96 6 43 44 18 78 14 40
TEST 75 ARG:53 1 95 76 56 78 11 69 64 38 71 70 57 39 3 50 84 40 98 36 20 14 74 43 27 49 85 13 12 92 30 59 34 80 16 31 88 60 89 65 73 58 25 47 91 9 93 96 24 68 35 19 2 22 86 28 83 97 18 41 0 82 26 66 62 99 94 10 6 29 37 44 23 87 77 45 48 90 79 75 72 8 17 54 15 42 55 32 81 63 67 61 51 46 33 4 52 21 5 7
TEST 76 ARG:94 25 80 85 6 7 11 5 67 18 8 86 0 19 77 59 4 36 28 14 96 40 90 79 48 76 52 81 1 89 84 53 68 27 63 22 50 74 24 39 66 44 30 29 47 16 41 42 88 75 17 15 95 64 12 31 46 93 2 60 87 55 54 65 26 71 99 43 51 9 3 58 32 23 73 69 91 72 49 10 62 21 82 38 70 92 13 34 37 45 56 78 61 98 20 83 35 33 97 57
TEST 77 ARG:8 72 92 85 56 2 62 32 36 86 81 67 25 41 1 64 91 33 93 98 31 84 66 30 76 0 49 94 80 45 24 14 74 9 65 52 48 28 39 47 43 26 63 59 87 71 12 53 68 73 82 88 51 58 77 23 4 78 60 61 27 96 37 20 97 34 10 46 89 5 19 3 18 6 70 57 38 35 17 42 69 55 83 7 95 79 99 44 16 11 50 21 13 15 22 54 75 29 40 90
TEST 78 ARG:40 82 6 24 11 53 8 75 17 13 12 4 28 44 72 67 22 89 76 65 77 54 50 55 38 99 33 1 93 84 19 97 2 47 59 71 36 56 0 66 42 63 7 5 30 80 74 46 3 43 51 35 49 20 26 88 73 41 10 86 81 32 34 25 57 68 23 18 87 91 95 94 27 37 60 90 96 39 92 52 58 70 83 21 69 98 78 31 62 61 64 15 48 85 16 79 29 9 45 14
TEST 79 ARG:68 23 57 70 67 45 14 51 89 75 99 60 46 27 15 47 92 85 93 73 26 28 71 50 32 25 95 78 96 64 24 58 49 33 97 20 21 4 76 66 38 30 37 54 44 69 62 22 41 65 16 39 35 79 63 84 9 6 61 3 53 40 83 31 13 8 82 0 2 19 7 34 17 29 88 94 86 12 72 77 5 36 1 43 90 11 74 98 10 56 59 91 55 48 80 52 18 81 87 42
TEST 80 ARG:75 98 31 8 17 64 21 43 81 74 28 86 69 2 6 73 27 30 79 38 87 93 34 89 50 9 45 82 19 88 62 39 44 26 76 61 4 23 92 90 58 33 5 66 54 53 51 16 29 1 47 32 18 25 42 20 22 12 83 46 59 52 91 99 70 97 41 71 55 68 49 65 14 96 80 40 63 78 48 7 24 13 37 85 72 15 35 94 10 56 57 11 77 36 95 3 84 0 67 60
TEST 81 ARG:73 20 61 19 77 85 41 24 8 47 5 97 64 2 35 43 14 57 55 22 66 28 7 86 81 88 60 29 32 15 54 59 84 63 23 71 72 93 10 68 30 98 69 78 11 13 46 4 83 6 26 90 58 75 3 91 94 27 62 96 31 9 42 45 74 25 33 79 76 44 18 99 34 0 17 70 16 52 82 39 95 50 80 36 40 67 37 49 38 56 65 87 1 53 89 48 92 12 21 51
TEST 82 ARG:25 28 9 81 39 58 99 52 3 89 60 15 98 38 69 1 8 61 94 20 78 32 67 41 31 12 10 2 4 14 48 96 75 27 22 29 34 92 5 87 80 65 74 84 93 68 73 13 63 76 37 97 43 46 6 21 83 36 23 95 18 66 45 90 54 17 19 86 40 35 11 44 33 49 79 72 47 77 62 71 24 88 42 82 50 7 26 59 55 85 64 51 91 70 30 0 16 56 53 57
TEST 83 ARG:59 12 67 20 7 18 50 45 72 29 92 83 17 68 32 33 96 98 85 6 5 95 49 8 9 13 23 35 51 81 61 41 4 88 36 76 97 43 84 2 10 21 19 69 3 64 87 54 90 80 58 79 89 52 86 57 66 53 56 60 48 31 24 44 34 40 74 37 28 39 16 11 38 73 78 94 62 0 75 63 77 91 26 82 15 22 70 14 93 47 1 99 42 25 30 27 46 55 71 65
TEST 84 ARG:81 30 12 87 0 1 70 5 77 43 3 96 9 74 69 98 42 85 51 76 23 45 26 34 90 36 73 59 40 53 7 6 20 33 64 35 92 95 24 21 4 78 8 79 44 94 91 88 99 13 22 56 17 27 89 68 86 84 65 18 80 15 11 55 63 19 29 14 97 46 2 62 25 61 60 82 31 67 57 48 38 71 83 16 39 32 37 66 10 75 28 52 93 58 41 49 72 54 50 47
TEST 85 ARG:55 77 18 94 98 31 35 51 73 45 27 58 41 79 86 40 4 85 0 20 16 80 44 83 47 14 62 64 96 33 43 71 66 65 26 28 10 91 22 60 95 61 39 84 29 53 59 1 38 2 46 57 69 56 90 74 5 52 30 67 99 24 97 42 15 76 63 32 11 7 88 75 93 92 89 12 23 81 17 8 70 37 3 72 21 78 34 9 48 82 49 25 13 50 87 19 36 68 6 54
TEST 86 ARG:84 88 34 35 53 85 48 11 52 92 15 63 2 56 17 33 93 7 47 40 46 83 66 96 94 99 75 4 44 39 71 24 69 1 86 57 80 30 87 90 70 79 95 61 5 42 58 38 55 54 76 25 97 60 45 28 68 82 32 3 78 72 49 20 91 37 43 81 51 27 12 65 74 8 64 67 41 77 19 23 6 50 36 13 10 31 29 14 22 73 59 21 98 9 89 62 18 16 26 0
TEST 87 ARG:34 64 68 71 69 61 27 23 24 91 89 26 41 88 17 18 76 28 78 51 59 62 4 83 58 55 22 32 6 95 49 99 93 52 90 48 66 60 70 29 47 16 14 37 57 42 0 5 1 63 87 80 74 8 19 7 15 77 45 20 43 67 31 79 25 21 53 75 44 85 81 86 12 38 46 73 13 84 40 98 54 33 96 39 50 36 92 65 72 35 30 94 97 82 3 9 56 11 2 10
TEST 88 ARG:88 64 21 92 49 25 93 73 45 68 11 0 1 19 47 85 99 10 2 46 82 26 31 34 71 43 53 15 55 78 5 22 58 54 4 81 69 87 16 9 80 18 86 6 24 52 61 12 38 60 94 75 39 30 97 96 63 91 77 70 51 17 20 59 41 84 50 29 44 66 76 90 13 3 14 83 35 33 65 89 56 32 74 36 28 48 7 72 23 79 37 42 27 67 98 8 57 62 40 95
TEST 89 ARG:50 14 30 45 64 77 37 38 72 71 84 97 32 0 15 33 43 26 54 98 88 5 20 70 86 90 27 52 81 92 78 39 1 25 23 9 99 18 61 82 35 60 73 66 46 2 93 24 62 11 65 67 68 16 19 44 34 10 76 48 79 58 85 12 75 53 49 63 69 22 59 28 80 8 17 95 6 41 13 4 42 87 47 36 21 3 94 51 74 96 7 55 31 29 56 83 57 91 89 40
TEST 90 ARG:49 79 7 17 34 61 74 4 72 23 56 89 13 38 81 73 33 25 67 90 97 16 15 87 63 99 6 95 20 65 22 77 92 3 58 76 60 35 82 39 14 40 18 42 1 94 69 93 41 68 70 32 59 26 57 51 83 52 84 2 0 5 86 10 85 12 45 31 48 71 37 54 75 27 19 64 53 9 8 62 91 21 96 28 11 44 80 55 47 50 29 66 98 88 78 46 24 30 43 36
TEST 91 ARG:25 76 52 36 0 88 87 91 56 97 17 93 15 42 16 59 10 48 31 73 80 61 81 11 9 82 94 79 53 7 44 32 83 28 54 92 5 39 71 67 98 43 24 19 72 6 35 50 40 55 27 66 65 26 8 22 60 46 21 68 95 30 77 70 4 90 1 41 47 86 84 96 75 18 89 62 3 69 14 37 51 38 78 20 63 85 99 45 34 29 23 13 12 64 57 58 49 2 33 74
TEST 92 ARG:38 72 85 59 57 75 21 60 82 19 79 70 89 48 73 16 18 45 80 8 56 30 31 90 39 63 94 1 6 77 33 95 37 42 26 91 2 11 15 83 99 40 84 4 43 54 3 49 24 68 76 23 51 41 71 58 47 35 65 29 88 9 97 14 32 62 50 93 98 55 13 67 27 10 44 86 25 74 53 61 46 34 64 0 81 69 87 66 17 52 12 78 36 96 92 28 22 20 7 5
TEST 93 ARG:90 47 4 33 77 37 78 27 12 87 40 2 66 67 23 41 16 84 99 94 42 1 17 7 18 34 80 24 54 74 48 58 89 15 91 30 73 13 69 43 21 88 31 51 39 55 20 57 14 46 35 64 92 36 62 68 93 29 22 81 75 71 11 38 83 50 10 59 0 3 76 96 49 60 97 32 70 61 5 44 53 6 79 26 25 86 8 28 65 45 19 56 98 9 85 82 72 52 63 95
TEST 94 ARG:90 69 50 46 68 28 80 20 83 82 60 88 31 40 84 22 6 72 0 18 91 53 63 27 43 95 59 42 56 58 23 9 21 10 35 38 36 96 24 32 12 41 4 33 78 99 93 25 47 66 76 62 39 13 19 54 75 77 57 97 11 44 65 7 51 34 48 70 89 37 29 52 64 86 79 15 92 98 1 45 73 55 61 85 74 5 94 87 67 71 3 81 26 16 8 17 49 2 14 30
TEST 95 ARG:73 46 81 60 50 48 5 65 79 85 37 39 92 95 96 21 44 75 90 24 10 87 59 80 40 56 52 23 51 43 45 31 7 41 82 61 98 70 1 49 86 9 20 94 3 42 2 0 84 13 26 17 63 55 97 62 28 34 11 74 69 18 67 58 66 38 53 57 30 25 77 54 78 8 27 15 64 35 32 68 76 91 47 93 72 22 33 99 16 4 71 12 19 6 89 83 29 14 88 36
TEST 96 ARG:0 9 68 52 94 98 44 78 72 80 24 74 1 77 32 51 54 47 18 46 17 84 25 39 23 43 10 41 73 82 21 92 83 29 75 61 38 56 95 53 8 31 14 27 60 63 35 57 15 62 59 7 30 90 33 28 55 58 50 19 20 91 86 71 99 97 79 4 66 67 11 16 70 26 45 88 65 93 96 37 76 3 42 34 69 22 89 81 36 87 64 40 12 2 48 49 85 6 13 5
TEST 97 ARG:12 18 63 25 52 6 35 40 86 99 7 95 60 29 2 19 90 66 97 54 71 53 44 72 92 50 23 3 78 45 55 36 68 4 59 9 47 14 39 32 21 10 30 15 37 87 16 75 69 91 38 58 41 64 65 8 0 83 96 70 57 77 94 56 31 73 89 51 79 24 85 62 22 46 67 61 11 76 81 80 1 48 13 88 93 49 42 43 28 27 20 82 33 74 34 17 84 26 98 5
TEST 98 ARG:13 70 85 97 93 37 20 83 91 43 75 26 60 8 33 29 87 82 36 1 51 42 74 32 30 18 77 62 96 28 38 12 9 4 39 10 69 68 80 24 55 57 44 61 6 72 35 49 17 50 27 81 48 88 89 78 98 46 95 2 25 0 92 86 54 23 71 63 11 52 47 59 79 21 67 56 41 53 66 19 64 7 14 90 40 99 58 31 3 73 45 34 5 84 15 94 22 16 65 76
TEST 99 ARG:70 57 63 48 72 61 38 91 24 45 29 44 82 28 67 43 99 89 15 27 9 40 64 1 11 53 77 88 18 92 74 71 35 83 30 56 52 25 81 2 62 93 26 46 41 60 55 20 96 87 50 79 10 12 37 33 6 13 86 95 51 23 8 49 32 14 31 3 17 0 21 75 7 58 84 80 65 47 76 78 66 54 94 5 69 22 19 85 4 68 16 36 73 42 39 97 90 98 34 59
TEST 100 ARG:21 63 38 97 93 4 60 27 13 80 9 99 48 50 75 84 77 95 82 65 45 18 57 20 72 15 87 12 58 31 86 42 7 5 22 24 30 14 49 28 59 96 25 90 61 36 2 41 68 64 88 43 17 79 8 69 32 62 85 70 34 47 3 37 26 11 55 89 83 94 51 54 56 39 44 78 66 71 67 6 33 76 73 29 40 1 92 81 19 16 35 74 53 10 46 98 91 52 23 0
TEST 101 ARG:77 41 59 36 99 48 50 22 17 43 24 45 97 37 57 15 74 85 66 38 1 60 84 26 47 0 55 39 19 23 30 83 54 94 64 29 80 93 3 40 35 65 88 73 92 34 4 79 71 18 87 27 67 6 2 5 76 58 81 75 7 61 12 95 9 82 56 8 20 31 42 86 72 25 53 69 70 32 13 10 14 49 96 98 68 46 90 89 78 11 91 63 52 28 62 44 21 51 33 16
TEST 102 ARG:9 39 43 63 65 18 38 21 68 7 35 69 71 8 75 58 55 61 72 24 66 60 41 97 33 95 47 86 14 59 46 52 81 93 99 90 56 78 92 91 94 79 16 80 4 27 23 70 37 0 22 50 51 25 20 3 34 44 67 29 48 74 88 96 15 36 83 17 31 10 76 64 42 73 84 40 49 77 2 12 5 26 62 45 82 28 13 32 98 1 19 57 30 6 54 85 53 89 87 11
TEST 103 ARG:85 34 98 36 39 54 28 1 4 23 43 96 83 30 87 47 80 75 81 32 92 49 29 61 7 12 52 41 71 86 21 40 66 14 69 8 65 24 20 42 59 35 37 68 5 38 74 67 79 95 78 70 2 45 33 48 16 82 13 89 55 9 17 26 3 22 58 50 72 88 91 63 84 56 31 99 76 90 27 97 62 53 46 15 51 44 25 19 57 64 60 93 18 77 94 11 6 73 0 10
TEST 104 ARG:10 72 81 33 55 63 70 64 57 85 29 89 0 75 87 65 67 6 22 40 97 56 19 11 5 21 12 92 90 28 15 59 68 31 82 42 2 77 46 88 9 7 73 91 48 24 61 45 37 20 23 17 14 99 95 39 53 50 18 52 44 58 71 34 66 76 36 27 4 43 86 13 94 93 25 30 51 83 47 49 79 32 41 62 54 1 98 3 78 74 96 16 60 35 84 38 80 8 26 69
TEST 105 ARG:31 68 63 51 71 56 85 94 57 46 41 79 62 11 70 32 89 50 23 74 26 20 5 44 36 81 14 69 37 0 52 78 34 21 38 97 19 75 87 55 49 12 8 1 93 22 40 77 42 86 60 98 54 83 48 4 90 33 25 35 95 88 30 82 99 28 43 91 3 92 39 2 59 61 17 7 9 65 73 76 15 96 6 84 64 18 27 24 67 16 10 58 66 47 80 53 13 72 45 29
TEST 106 ARG:83 35 55 91 66 15 63 8 45 82 96 72 21 73 60 20 64 18 16 22 50 41 76 89 49 51 94 58 43 39 97 7 9 30 69 42 68 10 53 40 87 29 2 27 52 36 75 44 81 56 71 84 67 88 65 3 25 0 78 34 59 38 85 5 46 61 6 95 57 26 14 4 90 33 80 32 23 79 24 74 86 92 77 48 47 1 54 31 37 19 93 62 12 11 17 70 98 13 99 28
TEST 107 ARG:14 13 60 18 95 5 31 10 81 64 89 85 38 74 73 47 19 69 37 67 91 22 53 90 17 99 49 82 8 35 52 65 96 4 34 93 26 83 86 71 9 88 54 94 16 46 11 0 66 92 3 40 23 42 62 50 63 29 25 15 75 32 20 51 55 77 98 27 2 56 58 6 39 70 44 45 87 80 33 78 57 68 36 24 84 61 30 43 21 12 59 76 79 97 28 7 72 48 1 41
TEST 108 ARG:97 2 87 59 61 40 35 23 82 30 15 78 67 33 16 51 18 10 34 79 32 27 53 0 21 85 29 77 55 84 43 68 70 8 49 24 42 37 86 52 96 46 66 95 65 7 50 93 48 98 22 17 1 9 90 80 26 13 12 3 36 74 57 64 88 81 25 39 83 19 94 58 75 31 54 47 60 11 6 4 5 63 20 76 44 73 92 72 69 91 14 62 38 89 28 41 71 56 45 99
TEST 109 ARG:30 3 70 52 57 99 77 8 94 20 2 10 0 46 64 12 87 98 68 71 11 42 97 89 36 19 43 62 14 16 18 7 13 60 29 80 27 47 39 37 86 25 1 88 90 41 74 91 45 58 4 21 92 40 61 95 33 56 28 38 44 73 75 85 55 32 50 59 5 93 31 76 78 23 48 54 24 49 26 83 35 96 63 51 15 9 79 6 72 66 53 69 17 82 84 81 67 22 34 65
TEST 110 ARG:31 62 76 75 29 46 81 69 80 99 12 55 74 28 42 27 41 6 79 51 3 88 39 45 87 26 20 54 72 96 58 21 64 77 34 48 92 32 86 30 40 10 78 97 93 82 98 63 0 53 22 67 18 2 9 73 43 61 33 95 66 47 85 5 83 91 84 17 1 70 94 71 38 15 50 68 44 57 23 24 89 37 60 90 49 8 59 7 25 65 16 4 52 36 11 56 14 35 13 19
TEST 111 ARG:80 17 40 89 48 94 58 32 68 70 4 23 99 66 45 79 96 46 15 95 42 12 76 39 36 93 81 82 9 54 74 11 31 29 63 49 7 24 83 10 5 52 14 92 50 16 90 57 43 37 56 75 28 91 61 71 73 51 8 87 27 64 60 72 59 62 98 13 86 55 25 26 35 44 22 97 88 69 33 34 47 20 84 38 78 85 53 6 41 2 65 0 67 21 1 3 30 77 19 18
TEST 112 ARG:22 18 50 21 27 59 63 85 77 44 90 69 39 58 0 71 47 28 78 93 80 67 92 83 42 25 61 48 6 86 72 74 35 41 65 37 75 68 8 89 9 20 40 76 96 84 38 12 98 7 36 34 29 46 91 14 81 17 1 45 70 30 66 54 53 60 64 82 73 94 52 19 95 79 15 26 99 88 57 49 4 2 31 51 16 43 97 32 62 33 3 10 87 5 11 56 13 24 55 23
TEST 113 ARG:7 45 20 94 50 44 56 99 59 13 91 73 22 30 63 35 38 5 92 11 48 26 95 51 70 97 31 46 37 17 75 65 34 16 83 25 82 12 47 74 76 4 58 2 23 71 52 66 84 87 36 72 33 80 90 21 0 29 8 78 42 64 9 85 18 55 10 54 27 39 60 41 69 88 77 3 79 49 6 93 40 98 24 43 53 67 28 68 1 14 89 57 96 62 32 81 15 19 86 61
TEST 114 ARG:34 96 17 74 76 82 61 0 84 78 91 20 18 3 5 67 41 99 77 88 54 19 1 23 35 87 75 92 81 14 47 68 24 86 97 10 69 27 58 55 12 95 40 33 30 51 50 53 6 44 4 16 36 48 71 38 9 32 59 60 22 73 21 46 56 64 15 70 90 65 2 62 52 45 26 8 66 94 11 79 85 72 93 29 63 43 7 13 31 89 39 37 80 49 83 57 42 98 28 25
TEST 115 ARG:27 98 97 34 39 42 64 33 63 88 51 19 61 75 41 86 87 53 50 95 36 49 58 54 47 81 94 72 30 5 35 17 23 24 76 18 2 70 38 62 85 16 74 89 79 43 96 22 3 52 6 59 56 77 40 80 31 14 69 48 57 20 67 26 60 10 25 44 82 9 4 15 55 84 92 7 73 68 91 90 66 83 21 11 28 1 71 78 29 12 93 13 46 65 37 32 8 0 45 99
TEST 116 ARG:35 31 94 22 15 19 67 95 33 89 30 13 71 84 2 40 92 20 56 3 82 51 36 77 79 62 64 61 80 0 54 96 10 5 49 73 42 55 17 26 99 91 4 76 87 68 37 34 66 65 83 85 57 14 6 70 18 97 93 86 41 53 58 12 29 9 46 45 43 98 90 52 48 7 75 28 81 38 23 60 11 44 8 59 16 39 63 25 32 27 24 69 21 78 50 47 74 72 1 88
TEST 117 ARG:16 60 90 86 4 0 40 81 67 29 99 69 48 39 79 91 94 56 23 72 74 17 85 44 28 63 24 22 59 38 25 21 20 54 8 80 66 46 55 19 43 33 11 27 82 10 5 92 35 7 61 53 70 37 97 76 62 32 73 15 2 51 98 13 45 12 64 58 49 93 34 14 87 96 42 52 77 47 65 9 50 30 31 41 3 18 26 75 71 68 78 88 89 83 36 95 1 6 84 57
TEST 118 ARG:99 44 74 97 41 78 61 22 7 6 14 48 8 23 66 34 21 98 3 59 51 92 67 12 76 25 42 70 43 60 36 9 79 72 49 62 20 53 80 39 82 86 45 10 88 29 75 55 24 89 27 71 84 93 33 31 96 15 40 4 58 57 26 16 1 37 35 91 46 95 32 17 73 13 18 81 65 90 68 87 83 52 38 63 2 28 77 56 0 54 69 30 19 64 85 5 50 94 11 47
TEST 119 ARG:92 43 56 77 93 48 3 18 39 35 64 31 4 26 88 57 19 73 40 68 6 85 29 65 42 74 37 83 62 87 95 94 78 55 69 23 14 24 44 76 36 41 59 1 34 30 12 7 2 51 53 33 72 90 50 38 80 13 45 75 58 98 89 79 0 22 15 27 61 82 67 54 99 91 8 66 86 32 49 70 25 46 84 20 63 60 5 96 10 17 28 81 16 52 9 71 21 97 47 11
TEST 120 ARG:17 22 36 78 83 8 82 59 65 63 54 41 87 60 50 74 37 46 2 95 86 45 76 62 16 70 81 23 38 94 84 71 68 93 52 56 4 99 30 25 51 27 66 72 6 73 55 75 67 7 98 91 64 31 43 20 10 44 13 49 97 21 77 15 92 28 1 12 40 39 80 9 85 11 14 96 0 53 18 29 48 57 69 32 42 33 47 5 90 79 88 61 35 34 19 24 58 3 26 89
TEST 121 ARG:21 11 13 19 80 98 4 54 36 85 35 73 74 52 89 27 10 5 84 97 95 0 49 92 83 28 81 14 29 91 1 61 46 39 88 65 31 53 96 8 22 72 58 62 47 18 15 34 7 99 56 87 50 51 37 63 90 6 3 78 32 57 30 69 68 23 38 67 17 41 55 48 40 2 79 75 24 12 45 66 26 25 64 16 9 59 70 94 77 71 60 93 86 44 20 33 43 76 42 82
TEST 122 ARG:75 18 27 97 85 50 84 60 17 64 40 9 99 86 3 41 69 39 76 71 26 98 43 55 49 31 65 66 95 51 2 61 63 20 53 67 72 74 28 52 1 35 94 13 16 56 36 12 90 4 22 62 7 78 0 44 34 6 83 14 46 48 96 59 5 37 47 25 54 57 93 8 32 21 88 73 81 89 29 24 70 79 33 68 45 91 80 92 77 19 30 82 38 10 42 87 11 23 15 58
TEST 123 ARG:12 34 92 67 89 4 75 56 25 31 2 5 38 88 27 9 22 87 37 46 11 90 81 49 19 93 44 41 40 53 95 68 71 61 99 14 33 42 91 65 51 52 36 54 48 64 28 39 58 10 3 70 35 18 16 32 50 98 15 21 83 30 82 1 84 74 45 57 60 43 59 63 24 86 47 29 79 7 6 13 0 77 17 23 20 80 78 96 73 97 62 94 55 85 76 26 8 66 72 69
TEST 124 ARG:7 31 58 17 33 81 71 79 66 46 24 54 94 84 82 90 86 60 23 18 28 57 2 83 97 0 10 80 12 45 62 52 20 88 41 99 4 87 1 51 26 15 22 44 96 19 3 13 74 61 16 53 32 8 47 48 69 92 5 30 73 11 65 59 21 35 39 27 70 56 77 91 36 55 63 78 95 42 68 98 49 38 37 93 50 9 34 75 85 72 40 25 64 6 43 67 14 76 89 29
TEST 125 ARG:3 51 77 96 12 34 47 88 43 35 33 85 29 18 56 23 39 53 21 67 4 37 46 48 2 74 93 63 5 9 14 64 66 1 73 42 13 57 65 24 36 54 32 94 22 97 92 28 90 75 41 69 60 44 86 0 38 17 83 78 89 84 62 16 19 55 26 99 45 50 49 7 95 59 79 58 70 87 6 91 61 98 40 10 25 71 20 72 8 27 11 15 76 31 52 68 82 30 81 80
TEST 126 ARG:95 73 84 92 81 78 88 38 99 32 10 96 70 2 41 3 17 26 15 0 42 98 31 61 94 52 21 6 9 14 13 65 55 54 33 76 43 91 40 68 53 67 57 72 12 87 62 74 60 5 36 7 47 25 89 18 1 37 83 63 23 44 82 22 20 64 59 50 69 19 48 71 66 56 77 46 8 90 86 39 45 34 11 80 79 93 16 58 27 85 49 24 35 51 97 30 29 28 75 4
TEST 127 ARG:48 88 9 54 17 15 16 19 76 43 84 35 45 21 55 39 22 72 40 31 49 89 8 27 80 98 92 32 58 90 66 26 41 97 65 42 3 93 50 71 96 30 53 46 68 59 38 75 1 44 10 14 64 67 6 70 99 52 37 83 25 87 4 12 94 56 60 51 7 69 77 34 24 18 33 28 73 61 62 2 91 20 63 82 79 5 86 85 11 29 74 57 36 13 78 81 23 0 95 47
TEST 128 ARG:79 16 11 25 94 84 13 17 54 51 61 90 58 2 59 21 3 64 19 10 0 39 48 37 98 81 52 14 29 67 33 99 91 43 82 75 36 93 27 6 9 22 31 63 85 1 5 60 15 86 41 45 56 57 77 38 89 8 62 73 24 83 7 32 4 44 35 30 34 46 72 70 18 71 69 53 68 80 66 95 40 55 50 96 87 49 88 42 26 28 92 65 23 20 78 47 74 76 12 97
TEST 129 ARG:76 43 89 48 82 6 10 74 98 47 32 66 16 8 72 81 60 62 46 78 57 91 54 84 11 12 63 22 40 80 55 9 77 49 87 73 99 69 37 33 53 94 23 30 90 26 24 88 21 2 29 4 93 75 20 71 92 27 68 97 86 96 45 83 61 36 56 13 59 3 41 28 17 85 70 34 58 50 1 79 31 35 67 44 39 15 95 65 42 19 52 14 38 51 18 25 64 5 0 7
TEST 130 ARG:1 98 54 17 82 20 51 73 66 71 30 45 25 35 12 34 57 89 85 92 32 86 29 41 74 39 9 79 95 67 33 61 64 77 48 44 90 37 3 84 23 38 49 56 52 94 36 27 53 7 43 18 80 15 47 42 14 16 8 99 22 13 0 96 83 26 72 69 4 59 21 5 68 76 50 70 2 24 63 65 78 40 81 88 62 58 46 19 87 97 55 91 60 11 75 28 31 6 93 10
TEST 131 ARG:37 75 95 78 79 13 65 18 47 54 84 90 82 56 39 41 72 53 61 36 68 73 15 70 59 55 50 97 67 0 94 3 44 42 35 34 40 77 99 81 45 22 89 16 66 98 93 62 25 52 58 88 12 19 83 69 85 23 6 43 2 51 48 28 32 31 11 26 20 14 60 80 10 27 33 46 96 30 24 49 17 5 87 76 74 91 7 71 57 38 92 4 86 9 63 21 64 1 29 8
TEST 132 ARG:60 82 36 80 52 8 46 33 34 93 13 86 69 26 51 57 7 24 88 92 31 98 9 48 6 37 81 66 94 90 10 99 65 15 61 83 87 1 72 50 44 59 45 3 38 97 96 47 12 14 58 70 25 56 35 11 89 0 67 43 21 20 73 53 84 16 27 62 64 79 32 91 95 55 71 17 85 23 19 40 28 2 29 78 22 74 75 49 42 39 54 63 68 77 41 4 30 5 18 76
TEST 133 ARG:38 86 66 29 65 39 53 50 6 12 76 73 77 40 2 91 81 98 72 61 80 90 20 68 47 17 56 52 49 8 64 28 19 94 27 83 14 30 22 1 51 25 58 67 16 44 10 45 88 55 4 46 32 97 60 87 71 5 23 96 31 37 9 75 41 70 85 35 54 48 43 84 24 11 13 78 79 0 3 59 18 92 74 99 57 7 36 33 15 95 42 63 69 93 21 62 89 34 82 26
TEST 134 ARG:85 30 53 28 77 82 43 68 59 27 87 96 93 83 71 2 74 50 67 37 95 51 6 86 63 99 8 24 10 55 20 32 72 46 81 16 64 70 29 58 45 19 41 14 42 23 73 94 35 9 88 52 84 57 4 92 36 5 89 56 69 98 21 44 65 12 61 91 15 11 34 54 1 40 13 22 66 62 60 75 78 18 7 79 80 0 25 90 38 17 76 26 49 33 47 3 31 97 39 48
TEST 135 ARG:67 48 44 93 73 13 78 96 86 51 5 68 40 1 35 47 59 79 38 77 26 23 75 63 83 25 55 30 88 61 14 16 12 76 31 53 15 32 42 57 33 19 69 94 49 37 39 64 20 90 56 80 98 24 91 84 97 58 0 6 45 87 50 29 9 81 11 52 60 18 17 36 2 62 89 4 82 92 8 71 3 41 27 95 28 72 34 22 21 46 74 99 65 10 54 43 7 85 70 66
TEST 136 ARG:26 69 60 39 36 10 57 97 51 83 27 82 74 75 45 41 7 4 81 70 68 24 88 46 37 59 25 16 18 33 15 50 65 53 48 8 93 5 80 23 14 22 54 89 77 64 3 67 28 76 90 49 38 72 9 61 58 17 85 94 31 19 86 66 11 30 78 91 55 71 6 84 98 96 42 35 32 62 95 1 99 13 21 2 44 29 73 63 56 47 40 20 0 43 87 12 79 92 34 52
TEST 137 ARG:53 71 17 6 48 88 54 92 99 44 25 85 94 33 95 70 97 34 31 80 30 28 59 87 9 37 49 78 81 63 89 91 15 75 60 74 26 7 46 65 86 73 36 83 72 12 76 57 96 8 41 93 55 51 5 68 20 67 58 35 39 18 11 79 10 84 43 1 66 82 90 77 23 22 27 52 62 2 21 42 56 0 13 61 98 29 45 38 19 69 3 50 24 16 14 47 32 40 4 64
TEST 138 ARG:37 21 25 9 14 7 28 67 99 47 55 5 97 19 57 78 51 46 62 36 12 72 15 68 83 84 4 82 23 29 3 58 92 54 74 91 16 53 8 52 79 11 56 31 93 75 22 41 95 87 86 1 45 88 40 44 73 20 42 63 30 33 65 34 35 17 38 39 60 76 18 10 66 26 89 61 27 77 71 69 48 49 81 98 2 0 70 80 96 32 6 13 85 50 24 94 59 43 64 90
TEST 139 ARG:80 13 55 70 15 37 58 23 22 87 30 38 27 28 35 94 59 79 21 82 49 67 3 84 12 48 7 64 14 11 51 69 42 85 96 32 44 89 60 6 46 77 93 95 91 75 73 52 10 61 68 66 36 86 43 72 25 92 31 83 4 98 16 20 39 26 47 53 63 1 40 17 45 99 29 76 56 65 19 33 0 78 18 50 97 24 57 8 5 88 81 9 34 54 90 62 41 74 2 71
TEST 140 ARG:5 24 56 31 68 67 36 84 57 41 91 60 77 87 72 59 16 34 94 76 38 30 47 88 89 78 99 64 97 15 62 10 69 48 70 25 26 51 3 20 29 39 58 14 93 27 92 42 23 32 4 22 81 12 7 95 54 18 35 17 52 79 50 75 19 85 8 83 13 65 0 49 9 86 96 80 61 2 66 33 11 71 43 55 6 1 63 44 82 21 53 73 45 46 37 28 98 90 40 74
TEST 141 ARG:5 75 10 3 39 96 81 49 92 43 29 1 14 99 52 93 48 65 20 89 25 26 85 38 19 27 97 50 32 67 91 37 17 18 79 21 63 2 35 16 4 86 64 45 12 24 34 61 68 78 22 60 62 44 82 11 56 47 76 15 80 87 73 30 6 53 77 8 33 0 57 9 13 42 59 54 88 36 66 98 94 69 58 72 40 23 55 7 84 74 46 31 41 83 70 51 95 90 28 71
TEST 142 ARG:89 18 56 23 34 39 93 95 44 20 17 64 84 22 50 69 98 10 77 99 26 43 72 54 35 47 67 51 76 91 65 31 27 0 48 4 21 52 3 1 59 70 25 24 81 14 2 13 71 74 45 5 30 11 61 57 40 78 29 15 28 41 68 79 66 42 16 33 12 58 88 97 19 96 53 83 92 9 55 60 36 37 6 90 8 46 86 7 63 38 85 62 87 80 49 94 75 82 73 32
TEST 143 ARG:6 64 39 37 89 68 96 55 84 27 97 53 63 81 62 21 82 19 90 77 76 58 18 7 12 57 60 91 48 4 23 71 85 42 24 56 87 28 10 5 86 80 16 30 73 43 2 52 69 33 25 65 70 93 47 92 50 11 26 74 29 46 95 72 14 8 44 34 3 75 94 32 45 38 98 9 79 22 1 31 78 66 54 17 41 51 36 67 99 35 40 20 15 13 0 83 88 59 49 61
TEST 144 ARG:75 60 45 87 96 19 25 22 63 57 50 7 81 5 8 91 77 52 55 0 18 88 41 23 54 28 98 13 78 49 76 80 36 92 16 30 97 65 61 51 70 37 99 85 68 71 48 11 20 10 3 93 69 73 29 56 72 83 44 86 1 33 31 66 21 38 32 79 67 89 12 94 82 27 58 39 6 47 35 4 74 24 84 42 15 53 17 43 64 59 62 9 40 14 26 95 2 90 46 34
TEST 145 ARG:35 74 45 38 71 49 5 91 18 97 65 42 29 31 93 34 13 61 26 6 68 15 76 81 36 14 0 85 53 23 64 57 16 2 60 8 17 40 58 22 88 54 3 87 94 79 50 77 7 27 96 10 62 28 86 55 82 66 99 44 41 78 19 21 75 37 92 4 51 11 63 84 73 80 32 48 72 9 24 59 12 20 95 39 52 70 98 25 46 89 1 69 56 33 67 47 30 43 83 90
TEST 146 ARG:46 10 21 97 58 13 17 68 22 70 0 75 5 86 61 77 2 34 40 44 67 78 32 37 59 4 99 50 84 53 12 33 38 76 14 28 64 51 74 24 43 36 52 19 82 16 15 27 79 72 3 6 45 48 55 63 18 25 54 31 98 56 92 81 11 60 90 26 85 94 80 41 73 30 57 91 29 42 49 47 96 66 89 87 39 71 35 20 93 8 1 69 7 65 83 23 95 62 9 88
TEST 147 ARG:48 91 78 77 10 52 7 38 2 36 79 21 8 60 62 47 51 0 22 63 80 74 84 41 5 18 3 54 12 28 59 68 94 82 30 11 50 73 46 15 31 75 1 42 53 99 40 24 55 81 57 92 23 64 88 32 85 97 69 61 90 76 34 71 44 49 83 56 20 26 17 98 58 14 43 93 19 65 35 87 72 45 29 96 27 16 25 70 4 86 39 33 9 37 6 95 89 67 13 66
TEST 148 ARG:85 23 11 47 83 7 20 43 56 58 81 27 45 38 61 69 95 29 15 46 28 2 71 8 89 42 67 10 16 66 98 60 55 18 65 90 80 72 54 77 88 21 12 86 5 62 30 24 40 97 75 33 79 22 35 52 14 0 6 37 39 94 49 36 87 68 57 44 84 96 41 50 48 32 76 92 26 73 31 59 74 53 34 4 93 13 91 63 25 9 78 64 19 3 70 82 1 51 17 99
TEST 149 ARG:37 42 20 38 72 64 0 78 43 11 13 97 62 19 27 46 14 48 39 18 94 83 61 58 87 45 95 60 10 49 8 91 23 1 34 65 67 96 56 85 21 81 71 75 50 22 66 82 90 52 3 70 29 35 76 16 5 88 7 12 84 73 63 53 15 99 4 33 69 30 86 74 57 36 92 80 44 89 32 59 26 24 47 28 25 6 9 31 79 55 40 77 17 41 51 98 2 54 93 68
TEST 150 ARG:49 24 87 9 42 83 5 51 78 53 85 88 75 93 58 28 34 43 62 55 90 94 22 38 59 32 46 19 81 12 61 25 45 36 69 7 44 72 71 57 86 84 76 70 67 96 0 65 6 13 20 26 79 14 48 56 74 29 50 21 60 17 99 97 98 27 8 64 2 4 68 92 77 40 95 47 39 3 35 18 33 31 15 41 91 11 54 23 80 63 16 1 73 30 37 89 52 66 82 10
TEST 151 ARG:60 3 1 91 2 86 74 72 75 6 81 73 94 38 41 92 66 47 4 51 13 53 16 67 22 98 33 40 30 39 20 17 10 77 80 54 71 8 59 37 61 9 95 93 79 87 84 68 11 48 0 19 78 52 58 35 85 25 31 44 42 97 63 29 76 62 89 56 14 23 26 99 88 83 12 96 65 27 21 82 34 32 24 46 69 43 36 18 64 45 90 49 57 7 15 50 70 55 5 28
TEST 152 ARG:46 15 96 90 7 56 23 75 99 35 47 16 81 6 32 71 30 58 49 83 50 48 36 29 10 34 61 3 76 19 55 85 60 57 5 94 45 84 38 42 44 67 27 8 40 88 73 33 1 0 28 18 9 70 89 69 41 63 54 53 68 22 92 2 12 26 31 11 93 14 64 97 82 86 95 72 87 98 65 20 17 77 91 79 25 13 24 66 80 59 39 62 52 51 43 78 37 21 4 74
TEST 153 ARG:46 16 54 76 62 4 73 31 87 63 10 41 99 83 90 85 95 21 15 23 93 33 32 17 59 60 38 6 2 37 24 82 7 30 12 35 89 80 14 27 97 86 58 72 11 39 70 74 44 56 1 67 50 42 55 57 84 19 69 61 88 79 45 66 78 20 68 25 94 22 81 29 18 9 8 3 48 75 26 77 5 47 13 96 53 98 65 34 91 64 49 71 52 51 43 40 28 0 92 36
TEST 154 ARG:5 45 65 52 73 53 34 43 32 61 67 33 87 4 96 64 55 54 57 79 8 11 46 92 83 1 77 6 50 99 47 21 78 51 98 59 31 66 24 95 75 81 60 90 89 12 71 70 27 69 19 94 74 10 58 28 91 3 18 36 16 93 15 88 9 84 40 39 62 37 2 26 25 38 42 85 97 72 20 63 17 48 76 7 0 35 41 68 29 23 44 86 49 14 56 80 82 22 30 13
TEST 155 ARG:38 49 76 74 3 86 85 23 89 37 88 33 35 32 75 12 27 51 13 26 46 77 71 72 65 15 91 31 67 8 62 98 56 99 39 20 2 25 94 68 34 59 52 81 84 14 79 36 50 63 83 64 48 43 41 16 60 18 66 82 30 1 22 78 5 11 69 54 92 40 29 95 6 0 19 80 42 97 17 58 90 93 9 24 44 28 45 87 53 57 96 61 73 47 7 55 10 70 21 4
TEST 156 ARG:64 59 16 30 46 83 42 81 8 97 54 36 39 69 63 91 79 19 29 50 95 86 52 74 35 66 37 48 47 96 11 23 84 78 6 5 70 51 1 57 22 24 94 53 90 0 73 33 18 28 72 80 12 92 49 56 99 45 15 75 13 60 58 38 89 98 85 82 31 3 34 44 10 43 55 26 32 20 14 9 61 87 25 2 62 88 21 68 4 77 41 67 93 65 27 7 17 71 40 76
TEST 157 ARG:70 58 51 7 42 12 94 74 14 3 52 63 59 64 99 90 32 6 4 82 87 26 76 40 78 50 44 53 21 17 72 98 41 95 89 43 75 8 13 91 92 10 55 9 56 34 48 77 11 39 38 66 49 96 18 80 45 16 1 37 67 29 20 24 33 71 57 19 23 31 36 60 73 30 0 47 5 35 84 85 25 68 93 69 62 54 97 81 79 61 28 15 88 22 65 2 46 86 83 27
TEST 158 ARG:37 68 13 2 88 31 45 0 70 72 66 97 75 32 99 4 44 84 25 15 5 61 43 10 69 59 73 16 91 60 26 54 85 41 63 3 46 33 57 87 11 34 58 67 8 21 77 52 79 35 78 53 7 42 47 12 56 89 55 36 74 40 14 23 38 27 28 9 94 80 1 83 62 76 81 51 6 98 20 71 82 92 48 39 50 90 93 96 19 18 22 65 17 86 95 64 29 24 30 49
TEST 159 ARG:30 95 49 64 19 70 83 54 35 14 20 84 31 92 62 0 82 97 91 2 79 33 9 45 32 72 46 55 18 61 51 76 13 86 69 6 39 56 85 28 23 52 90 65 24 38 77 16 47 59 63 88 78 1 8 29 80 98 21 43 68 74 94 81 71 11 15 25 96 48 36 40 67 3 10 5 7 37 87 93 75 44 22 57 66 50 60 12 58 41 73 34 42 27 4 26 17 53 89 99
TEST 160 ARG:66 29 89 86 14 88 12 64 17 83 57 0 62 53 45 40 97 87 3 44 10 75 49 22 42 41 25 94 60 2 32 7 96 72 91 35 58 30 39 55 52 19 80 54 82 37 59 43 63 67 61 84 73 27 31 34 70 74 85 8 50 71 33 95 38 51 9 93 76 18 13 15 56 21 36 79 48 23 4 20 99 69 11 26 81 6 24 47 46 90 92 5 28 65 68 78 98 16 1 77
TEST 161 ARG:79 91 31 75 7 62 87 97 34 40 69 67 21 24 81 60 28 44 89 53 74 92 41 38 46 90 0 49 58 17 73 23 2 50 51 43 68 84 76 55 95 14 36 72 35 26 12 65 83 77 86 63 70 71 4 99 8 42 1 98 82 18 30 88 93 25 6 59 64 27 54 11 56 52 37 33 66 61 3 80 39 47 10 57 48 96 15 22 45 85 19 16 5 29 9 78 20 94 13 32
TEST 162 ARG:83 17 15 98 4 65 92 26 30 70 43 25 32 16 71 56 1 22 48 46 67 72 50 79 18 89 58 91 57 31 53 93 37 24 97 14 10 5 66 80 87 8 9 21 3 51 2 38 96 86 94 12 40 61 23 85 75 35 47 73 68 6 29 95 45 78 11 36 76 28 41 64 0 81 19 7 42 59 33 69 13 20 82 55 90 62 54 60 49 63 74 52 84 99 88 34 44 39 77 27
TEST 163 ARG:6 81 26 69 24 21 42 71 67 18 31 61 85 13 33 86 27 68 4 63 28 37 25 44 82 16 52 54 20 96 12 80 53 15 22 76 30 29 99 41 90 64 32 3 35 66 79 2 62 72 10 97 65 84 39 92 57 11 58 50 46 70 14 60 1 5 91 9 0 7 47 59 98 56 88 51 73 93 95 19 45 75 23 36 34 38 83 55 49 78 94 87 43 40 89 17 77 8 74 48
TEST 164 ARG:56 20 6 69 57 70 19 44 71 15 66 38 63 39 14 43 18 86 0 4 91 28 61 35 36 80 47 30 9 67 77 27 49 22 12 59 76 25 97 83 5 33 48 3 7 64 51 96 37 42 89 41 50 31 45 88 54 79 40 73 53 24 75 11 1 68 95 46 74 17 60 99 16 94 34 55 10 29 65 92 98 13 93 62 78 84 82 87 2 58 81 32 52 8 72 21 26 85 90 23
TEST 165 ARG:51 67 97 52 10 93 6 54 78 70 8 45 71 29 50 7 2 35 61 99 24 98 41 60 37 75 19 68 17 9 30 33 11 94 95 32 59 65 89 77 18 42 91 46 96 48 27 49 20 90 36 31 39 14 55 53 79 4 64 23 34 3 62 0 16 25 76 57 73 56 13 44 66 58 63 84 92 26 28 80 12 83 74 86 72 21 85 82 69 40 22 5 38 15 87 81 1 43 47 88
TEST 166 ARG:20 56 77 70 35 90 45 1 89 0 88 75 58 17 87 41 99 21 63 93 61 67 83 97 39 71 48 38 49 2 33 18 95 46 7 50 43 36 30 31 92 73 94 98 76 96 42 79 65 66 22 34 55 25 26 47 4 84 8 28 12 81 40 78 80 85 3 37 64 59 10 91 52 13 69 32 53 74 23 82 27 29 9 60 62 19 44 11 24 5 16 54 15 6 86 51 68 72 57 14
TEST 167 ARG:96 20 91 95 36 14 22 71 76 37 40 8 29 59 23 65 5 3 19 72 45 82 81 51 34 16 88 83 78 80 94 28 47 26 17 21 84 30 62 9 66 11 56 58 86 42 92 52 46 31 87 4 43 18 67 70 13 2 41 73 74 7 10 61 57 0 97 54 50 89 64 38 25 99 98 93 85 69 90 24 6 55 77 49 60 27 53 44 15 68 32 63 75 35 33 39 79 48 1 12
TEST 168 ARG:20 58 8 39 92 5 6 93 43 91 84 4 81 7 49 75 15 28 73 42 57 18 72 45 29 94 77 25 74 63 48 51 55 46 0 82 67 96 79 62 90 66 56 59 10 99 64 70 61 3 69 54 60 9 27 22 53 33 95 83 71 21 23 50 37 16 47 40 24 13 38 30 88 1 12 86 98 85 65 31 14 2 87 35 26 44 19 32 41 68 97 11 52 17 78 89 80 34 76 36
